1111111111111111111111111111111111111111111111111111111111111101
63
0
0
1
2
1111111111111111111111111111111111111111111111111111111111111110
63
1
0
2
2
1111111111111111111111111111111111111111111111111111111111111111
63
0
0
1
2
0000000000000000000000000000000000000000000000000000000000000000
-1
-1
0
-1
2
0000000000000000000000000000000000000000000000000000000000000001
0
0
0
1
2
0000000000000000000000000000000000000000000000000000000000000010
1
1
1
2
2
0000000000000000000000000000000000000000000000000000000000000011
1
0
0
1
4
0000000000000000000000000000000000000000000000000000000000000100
2
2
1
4
4
0000000000000000000000000000000000000000000000000000000000000101
2
0
0
1
8
0000000000000000000000000000000000000000000000000000000000000110
2
1
0
2
8
